[gd_scene load_steps=26 format=3 uid="uid://h7lgc0lx8o5c"]

[ext_resource type="PackedScene" uid="uid://cbmcteutdur0u" path="res://scenes/ambientazione_prova_giovanni_colored.tscn" id="1_2hp6e"]

[sub_resource type="BoxShape3D" id="BoxShape3D_1fslu"]
size = Vector3(5.1381, 0.343506, 20.803)

[sub_resource type="BoxShape3D" id="BoxShape3D_7rkav"]
size = Vector3(3.19626, 0.343506, 20.8045)

[sub_resource type="BoxShape3D" id="BoxShape3D_odmvn"]
size = Vector3(3.74631, 0.343506, 20.8325)

[sub_resource type="BoxShape3D" id="BoxShape3D_8vnyi"]
size = Vector3(3.1907, 0.343506, 20.8771)

[sub_resource type="BoxShape3D" id="BoxShape3D_b40mi"]
size = Vector3(12.7965, 0.343506, 20.884)

[sub_resource type="BoxShape3D" id="BoxShape3D_2hp6e"]
size = Vector3(1.07922, 2.04404, 1.05166)

[sub_resource type="BoxShape3D" id="BoxShape3D_l35jf"]
size = Vector3(2.14648, 2.11934, 1.84532)

[sub_resource type="BoxShape3D" id="BoxShape3D_d0yky"]
size = Vector3(1.06628, 4.89764, 1.11783)

[sub_resource type="CylinderShape3D" id="CylinderShape3D_l2523"]
height = 2.34546
radius = 0.279297

[sub_resource type="CylinderShape3D" id="CylinderShape3D_5dsjb"]
height = 2.34546
radius = 0.270996

[sub_resource type="CylinderShape3D" id="CylinderShape3D_v7gr1"]
height = 2.34546
radius = 0.362793

[sub_resource type="CylinderShape3D" id="CylinderShape3D_xrdt7"]
height = 2.34546
radius = 0.286621

[sub_resource type="CylinderShape3D" id="CylinderShape3D_k4e2e"]
height = 2.34546
radius = 0.286621

[sub_resource type="CylinderShape3D" id="CylinderShape3D_44l6t"]
height = 3.84735
radius = 0.5649

[sub_resource type="CapsuleShape3D" id="CapsuleShape3D_ovksy"]
radius = 0.6954
height = 3.7774

[sub_resource type="CapsuleShape3D" id="CapsuleShape3D_2w0ru"]
radius = 0.409777
height = 3.31963

[sub_resource type="CapsuleShape3D" id="CapsuleShape3D_dheug"]
radius = 0.314469
height = 2.27083

[sub_resource type="CylinderShape3D" id="CylinderShape3D_udlrd"]
height = 2.05315
radius = 0.412109

[sub_resource type="SphereShape3D" id="SphereShape3D_73jo7"]
radius = 1.36318

[sub_resource type="SphereShape3D" id="SphereShape3D_4tlne"]
radius = 0.269436

[sub_resource type="SphereShape3D" id="SphereShape3D_llb0f"]
radius = 0.383499

[sub_resource type="SphereShape3D" id="SphereShape3D_4a744"]
radius = 0.399795

[sub_resource type="SphereShape3D" id="SphereShape3D_qrjpa"]
radius = 1.14973

[sub_resource type="SphereShape3D" id="SphereShape3D_sjqri"]
radius = 0.358659

[node name="Node3D" type="Node3D"]
transform = Transform3D(2, 0, 0, 0, 2, 0, 0, 0, 2, 0, 0, 0)

[node name="floor" type="StaticBody3D" parent="."]
collision_layer = 2
collision_mask = 2

[node name="CollisionShape3D" type="CollisionShape3D" parent="floor"]
transform = Transform3D(-1, 0, -8.74228e-08, 0, 1, 0, 8.74228e-08, 0, -1, 2.72721, -0.167358, 1.00229)
shape = SubResource("BoxShape3D_1fslu")

[node name="CollisionShape3D4" type="CollisionShape3D" parent="floor"]
transform = Transform3D(-0.949272, 0.314456, -8.74228e-08, 0.314456, 0.949272, 0, 8.2988e-08, -2.74906e-08, -1, -1.18857, 0.287698, 1.02044)
shape = SubResource("BoxShape3D_7rkav")

[node name="CollisionShape3D2" type="CollisionShape3D" parent="floor"]
transform = Transform3D(-1, 0, -8.74228e-08, 0, 1, 0, 8.74228e-08, 0, -1, -4.52584, 0.773777, 1.03235)
shape = SubResource("BoxShape3D_odmvn")

[node name="CollisionShape3D5" type="CollisionShape3D" parent="floor"]
transform = Transform3D(-0.949972, 0.312335, -8.74228e-08, 0.312335, 0.949972, 0, 8.30492e-08, -2.73052e-08, -1, -7.786, 1.24711, 1.0526)
shape = SubResource("BoxShape3D_8vnyi")

[node name="CollisionShape3D3" type="CollisionShape3D" parent="floor"]
transform = Transform3D(-1, 0, -8.74228e-08, 0, 1, 0, 8.74228e-08, 0, -1, -15.6468, 1.73569, 1.05449)
shape = SubResource("BoxShape3D_b40mi")

[node name="MeshInstance3D" type="MeshInstance3D" parent="."]
transform = Transform3D(-1, 0, -8.74228e-08, 0, 1, 0, 8.74228e-08, 0, -1, 0, 0, 0)
skeleton = NodePath("")

[node name="ambientazione prova Giovanni cleaned up 2_0" parent="MeshInstance3D" instance=ExtResource("1_2hp6e")]

[node name="marbles" type="StaticBody3D" parent="."]
transform = Transform3D(-0.999977, 0.00554883, -0.00394059, 0.00555555, 0.999983, -0.0016948, 0.00393112, -0.00171666, -0.999991, 0, 0, 0)

[node name="CollisionShape3D19" type="CollisionShape3D" parent="marbles"]
transform = Transform3D(1, 0, 0, 0, 1, 0, 0, 0, 1, -1.52826, 1.01235, 4.94057)
shape = SubResource("BoxShape3D_2hp6e")

[node name="CollisionShape3D20" type="CollisionShape3D" parent="marbles"]
transform = Transform3D(1, 0, 0, 0, 1, 0, 0, 0, 1, 5.14689, 1.05967, -0.457532)
shape = SubResource("BoxShape3D_l35jf")

[node name="CollisionShape3D21" type="CollisionShape3D" parent="marbles"]
transform = Transform3D(1, 0, 0, 0, 1, 0, 0, 0, 1, 9.94146, 4.30068, -0.502644)
shape = SubResource("BoxShape3D_d0yky")

[node name="CollisionShape3D22" type="CollisionShape3D" parent="marbles"]
transform = Transform3D(1, 0, 0, 0, 1, 0, 0, 0, 1, 9.97904, 4.31426, 3.82467)
shape = SubResource("BoxShape3D_d0yky")

[node name="trunks" type="StaticBody3D" parent="."]

[node name="CollisionShape3D6" type="CollisionShape3D" parent="trunks"]
transform = Transform3D(-0.999977, 0.00554883, -0.00394059, 0.00555555, 0.999983, -0.0016948, 0.00393112, -0.00171666, -0.999991, 1.53109, 0.796563, 2.93917)
shape = SubResource("CylinderShape3D_l2523")

[node name="CollisionShape3D7" type="CollisionShape3D" parent="trunks"]
transform = Transform3D(-0.999977, 0.00554883, -0.00394059, 0.00555555, 0.999983, -0.0016948, 0.00393112, -0.00171666, -0.999991, 1.50998, 0.787485, -2.41735)
shape = SubResource("CylinderShape3D_5dsjb")

[node name="CollisionShape3D8" type="CollisionShape3D" parent="trunks"]
transform = Transform3D(-0.999977, 0.00554883, -0.00394059, 0.00555555, 0.999983, -0.0016948, 0.00393112, -0.00171666, -0.999991, -5.00166, 1.97538, -5.58714)
shape = SubResource("CylinderShape3D_v7gr1")

[node name="CollisionShape3D9" type="CollisionShape3D" parent="trunks"]
transform = Transform3D(-0.999977, 0.00554883, -0.00394059, 0.00555555, 0.999983, -0.0016948, 0.00393112, -0.00171666, -0.999991, -4.13676, 1.98285, 1.56352)
shape = SubResource("CylinderShape3D_xrdt7")

[node name="CollisionShape3D10" type="CollisionShape3D" parent="trunks"]
transform = Transform3D(-0.999977, 0.00554883, -0.00394059, 0.00555555, 0.999983, -0.0016948, 0.00393112, -0.00171666, -0.999991, -5.60003, 1.99791, 5.60356)
shape = SubResource("CylinderShape3D_k4e2e")

[node name="CollisionShape3D11" type="CollisionShape3D" parent="trunks"]
transform = Transform3D(-0.999977, 0.00554883, -0.00394059, 0.00555555, 0.999983, -0.0016948, 0.00393112, -0.00171666, -0.999991, -13.6913, 3.93861, 4.59489)
shape = SubResource("CylinderShape3D_44l6t")

[node name="CollisionShape3D23" type="CollisionShape3D" parent="trunks"]
transform = Transform3D(-0.999977, 0.00554883, -0.00394059, 0.00555555, 0.999983, -0.0016948, 0.00393112, -0.00171666, -0.999991, -13.6951, 3.22321, 4.64222)
shape = SubResource("CapsuleShape3D_ovksy")

[node name="CollisionShape3D24" type="CollisionShape3D" parent="trunks"]
transform = Transform3D(-0.972719, -0.230156, -0.0291095, -0.142971, 0.693549, -0.70608, 0.182697, -0.682655, -0.707534, -13.93, 6.73667, 3.9072)
shape = SubResource("CapsuleShape3D_2w0ru")

[node name="CollisionShape3D25" type="CollisionShape3D" parent="trunks"]
transform = Transform3D(-0.951177, 0.215292, -0.221162, 0.0323481, 0.782142, 0.622259, 0.306948, 0.584723, -0.75092, -13.3737, 6.67422, 5.38688)
shape = SubResource("CapsuleShape3D_dheug")

[node name="CollisionShape3D12" type="CollisionShape3D" parent="trunks"]
transform = Transform3D(-0.449998, 0.458602, 0.766281, 0.847835, 0.48891, 0.205288, -0.280497, 0.742059, -0.608826, -14.0988, 2.02607, 4.06178)
shape = SubResource("CylinderShape3D_udlrd")

[node name="rocks" type="StaticBody3D" parent="."]

[node name="CollisionShape3D13" type="CollisionShape3D" parent="rocks"]
transform = Transform3D(-0.999977, 0.00554883, -0.00394059, 0.00555555, 0.999983, -0.0016948, 0.00393112, -0.00171666, -0.999991, 1.61136, -1.00158, 4.29539)
shape = SubResource("SphereShape3D_73jo7")

[node name="CollisionShape3D14" type="CollisionShape3D" parent="rocks"]
transform = Transform3D(-0.999977, 0.00554883, -0.00394059, 0.00555555, 0.999983, -0.0016948, 0.00393112, -0.00171666, -0.999991, 0.767475, -0.0490273, 3.59872)
shape = SubResource("SphereShape3D_4tlne")

[node name="CollisionShape3D15" type="CollisionShape3D" parent="rocks"]
transform = Transform3D(-0.999977, 0.00554883, -0.00394059, 0.00555555, 0.999983, -0.0016948, 0.00393112, -0.00171666, -0.999991, 1.43704, -0.0558547, 1.78587)
shape = SubResource("SphereShape3D_llb0f")

[node name="CollisionShape3D16" type="CollisionShape3D" parent="rocks"]
transform = Transform3D(-0.999977, 0.00554883, -0.00394059, 0.00555555, 0.999983, -0.0016948, 0.00393112, -0.00171666, -0.999991, 1.23241, -0.0865782, -3.27384)
shape = SubResource("SphereShape3D_4a744")

[node name="CollisionShape3D17" type="CollisionShape3D" parent="rocks"]
transform = Transform3D(-0.999977, 0.00554883, -0.00394059, 0.00555555, 0.999983, -0.0016948, 0.00393112, -0.00171666, -0.999991, -4.87562, 0.562445, -4.06626)
shape = SubResource("SphereShape3D_qrjpa")

[node name="CollisionShape3D18" type="CollisionShape3D" parent="rocks"]
transform = Transform3D(-0.999977, 0.00554883, -0.00394059, 0.00555555, 0.999983, -0.0016948, 0.00393112, -0.00171666, -0.999991, 1.40588, -0.262082, -3.94886)
shape = SubResource("SphereShape3D_sjqri")
